100: 42.596000 50.251800 49.575100 44.834600 207.229400 57.867700 48.201100 164.030700 44.253900 295.745500 
200: 38.766400 37.918500 39.392800 37.654900 54.659700 34.164400 39.044600 42.421400 40.075600 590.696800 
300: 45.537400 43.579900 32.487300 34.359100 40.432100 31.975000 42.818200 45.441300 37.014100 44.820000 
400: 36.251200 34.781100 35.141700 40.954000 67.392100 35.854800 41.995700 33.737500 34.993700 42.159800 
500: 48.595600 34.918700 38.299200 33.631800 54.931600 34.402900 36.893900 30.907500 33.559200 187.059900 
600: 35.143500 35.329700 40.319500 39.907000 43.188500 32.501800 35.245400 33.173200 31.412700 28.556900 
700: 38.607900 35.795300 37.799800 35.068800 64.167800 35.001000 31.064100 36.967600 34.663900 24.654300 
800: 38.405900 44.631200 41.289000 31.395500 40.229000 31.971300 30.651700 38.110600 30.812100 34.630500 
900: 40.942100 37.043800 44.122900 52.034500 42.904900 32.800100 31.306700 32.042800 31.337100 34.111800 
1000: 33.236300 33.656400 36.161200 34.325300 50.926100 31.405000 32.495400 33.276300 31.176800 39.674700 
1100: 33.131000 32.546400 102.019700 34.710200 30.356800 30.681200 34.496600 34.694900 31.502100 50.227600 
1200: 34.137900 34.534400 35.301400 37.145200 56.572600 30.122700 31.210500 30.046400 34.137900 35.859800 
1300: 36.587800 33.142600 34.918800 49.487300 42.466000 30.885000 30.988500 30.392300 30.095300 46.632000 
1400: 36.980300 34.602200 41.625300 34.867900 43.776700 31.411000 31.089200 29.098100 34.553600 33.625300 
1500: 36.024700 30.705600 32.688200 45.763800 41.973900 33.037400 37.159100 34.452800 30.785600 31.021300 
1600: 31.988800 46.170000 45.329700 38.320100 85.156700 31.084500 32.054300 34.234100 31.022200 35.028900 
1700: 31.362700 34.345900 56.257500 43.567200 58.814300 29.978400 31.467000 31.381400 32.435200 32.470600 
1800: 31.234600 32.677400 45.242100 44.530500 64.476400 31.547000 32.511400 31.744000 36.992800 31.787200 
1900: 37.328500 34.506100 37.199300 38.153500 68.242600 30.092800 39.053300 32.664800 32.439100 33.024900 
2000: 31.495600 30.949400 55.100700 36.894000 57.654800 30.657600 32.306400 30.644800 32.185700 30.764000 
2100: 30.175400 35.353600 61.121900 34.769000 63.830700 30.473400 32.307900 30.615500 30.624200 32.152200 
2200: 33.161200 34.016000 31.655700 34.341700 46.058000 29.532100 31.961200 30.065400 32.257200 30.807500 
2300: 30.385800 32.402000 31.754900 35.084500 64.101100 30.290900 38.416100 49.340000 33.065900 29.898400 
2400: 34.919200 30.601500 31.324200 35.490900 62.572700 30.358500 32.163400 43.863200 33.787100 29.289700 
2515: 33.688200 31.987100 32.229600 33.846000 60.214900 30.798800 31.214300 30.738300 36.949800 31.229100 
