100: 6.526600 7.088900 7.041000 6.695900 14.395500 7.607100 6.942700 12.807400 6.652400 17.197300 
200: 6.226300 6.157800 6.276400 6.136400 7.393200 5.845000 6.248600 6.513200 6.330500 24.304300 
300: 6.748100 6.601500 5.699800 5.861700 6.358600 5.654600 6.543600 6.741000 6.083900 6.694800 
400: 6.020900 5.897600 5.928000 6.399500 8.209300 5.987900 6.480400 5.808400 5.915500 6.493100 
500: 6.971100 5.909200 6.188600 5.799300 7.411600 5.865400 6.074000 5.559500 5.793000 13.677000 
600: 5.928200 5.943900 6.349800 6.317200 6.571800 5.701000 5.936800 5.759600 5.604700 5.343900 
700: 6.213500 5.982900 6.148200 5.921900 8.010500 5.916200 5.573500 6.080100 5.887600 4.965300 
800: 6.197200 6.680700 6.425700 5.603200 6.342600 5.654300 5.536400 6.173400 5.550900 5.884800 
900: 6.398600 6.086400 6.642500 7.213500 6.550200 5.727100 5.595200 5.660600 5.598000 5.840500 
1000: 5.765100 5.801400 6.013400 5.858800 7.136300 5.604000 5.700500 5.768600 5.583600 6.298800 
1100: 5.756000 5.704900 10.100500 5.891500 5.509700 5.539100 5.873400 5.890200 5.612700 7.087100 
1200: 5.842800 5.876600 5.941500 6.094700 7.521500 5.488400 5.586600 5.481500 5.842800 5.988300 
1300: 6.048800 5.757000 5.909200 7.034700 6.516600 5.557400 5.566700 5.512900 5.485900 6.828800 
1400: 6.081100 5.882400 6.451800 5.904900 6.616400 5.604600 5.575800 5.394300 5.878200 5.798700 
1500: 6.002100 5.541300 5.717400 6.764900 6.478700 5.747800 6.095800 5.869700 5.548500 5.569700 
1600: 5.655900 6.794900 6.732700 6.190300 9.228000 5.575300 5.661700 5.851000 5.569800 5.918500 
1700: 5.600200 5.860500 7.500500 6.600500 7.669000 5.475300 5.609500 5.601900 5.695200 5.698300 
1800: 5.588800 5.716400 6.726200 6.673100 8.029700 5.616700 5.701900 5.634200 6.082200 5.638000 
1900: 6.109700 5.874200 6.099100 6.176900 8.260900 5.485700 6.249300 5.715300 5.695500 5.746700 
2000: 5.612100 5.563200 7.423000 6.074000 7.593100 5.536900 5.683900 5.535800 5.673200 5.546500 
2100: 5.493200 5.945900 7.818000 5.896500 7.989400 5.520300 5.684000 5.533100 5.533900 5.670300 
2200: 5.758600 5.832300 5.626300 5.860200 6.786600 5.434300 5.653400 5.483200 5.679500 5.550500 
2300: 5.512300 5.692300 5.635100 5.923200 8.006300 5.503700 6.198100 7.024200 5.750300 5.467900 
2400: 5.909200 5.531900 5.596800 5.957400 7.910300 5.509900 5.671300 6.622900 5.812700 5.412000 
2515: 5.804200 5.655700 5.677100 5.817700 7.759800 5.549700 5.587000 5.544200 6.078600 5.588300 
