100: 34.493600 33.513900 33.699100 33.578900 34.197500 33.556400 33.589300 34.657000 34.324800 34.306300 
200: 34.020900 33.648100 33.485600 33.535500 33.553200 33.861200 33.591800 34.148100 33.557400 33.612800 
300: 33.726100 33.564100 33.526600 33.594900 33.557600 33.543200 33.581500 33.783300 33.552200 33.647600 
400: 33.704800 33.559500 33.550700 33.633400 33.572600 33.547500 33.540300 33.636500 33.598000 34.015700 
500: 33.829300 33.634500 33.544800 32.329700 33.547100 32.433600 33.548200 33.696700 33.675700 33.719300 
600: 33.796200 33.639500 33.575900 33.782500 33.551800 33.719900 32.685400 33.609700 33.713400 32.648900 
700: 33.774600 33.587200 33.818000 34.108200 33.579700 32.157900 34.012800 33.594000 33.723500 34.111200 
800: 33.717200 32.129300 33.576700 32.136600 33.579800 33.616100 33.533700 33.630400 33.673300 33.812100 
900: 33.707200 32.112500 33.651500 33.919500 33.944100 33.462300 33.540000 33.649400 32.349800 33.679200 
1000: 33.759600 33.540300 33.546000 33.778900 33.671100 33.564800 33.556400 33.651300 32.174800 33.741200 
1100: 33.708500 32.118200 33.625000 33.745300 31.929000 33.793900 33.521200 33.668100 33.624500 33.883100 
1200: 33.724100 33.709000 33.996600 33.605000 33.929700 33.648900 33.567100 33.838500 33.702800 33.676900 
1300: 33.656400 33.678500 31.810100 33.566600 32.320300 32.168700 33.567900 33.540100 33.613400 33.690400 
1400: 33.669300 32.269600 33.589100 33.908900 33.865100 33.728300 33.624800 33.641700 33.638300 34.487100 
1500: 33.648000 33.863900 33.879300 32.027900 33.809400 32.081200 33.574500 33.559500 32.303600 33.681700 
1600: 33.715200 33.660200 33.810500 33.616900 32.505500 33.766700 32.160100 33.684600 33.707600 33.726500 
1700: 32.149700 32.752600 33.640400 33.705700 32.800400 33.663900 33.462800 33.666300 32.543900 33.618600 
1800: 32.211300 33.717200 32.547200 33.561900 33.791800 32.197400 32.372800 33.574000 33.524400 34.037700 
1900: 33.825500 33.632500 33.790800 33.596100 34.136800 33.523100 33.578800 33.936700 33.578600 34.013200 
2000: 33.576800 33.755400 33.752700 33.647600 33.662100 33.597100 33.736400 33.561300 33.666000 33.659000 
2100: 33.571300 33.810900 32.071500 33.594400 33.650200 33.577400 33.545400 33.659600 33.514900 33.638700 
2200: 32.123400 32.240700 33.687100 33.961500 32.125700 33.509400 33.656900 33.714400 33.619700 33.581600 
2300: 33.564600 33.675800 33.595400 33.617700 34.062100 33.659600 33.719000 33.620700 33.647300 33.730800 
2400: 33.552300 33.562200 33.787400 33.935600 33.812800 32.167700 34.047800 32.497800 33.596700 33.556900 
2514: 33.633600 33.829700 33.697800 33.990800 33.905000 33.647700 33.585300 31.850200 33.671400 33.920100 
