100: 5.873100 5.789100 5.805100 5.794700 5.847900 5.792800 5.795600 5.887000 5.858700 5.857200 
200: 5.832700 5.800700 5.786700 5.791000 5.792500 5.819000 5.795800 5.843600 5.792900 5.797700 
300: 5.807400 5.793500 5.790200 5.796100 5.792900 5.791600 5.795000 5.812300 5.792400 5.800700 
400: 5.805600 5.793100 5.792300 5.799400 5.794200 5.792000 5.791400 5.799700 5.796400 5.832300 
500: 5.816300 5.799500 5.791800 5.685900 5.792000 5.695100 5.792100 5.804900 5.803100 5.806800 
600: 5.813400 5.800000 5.794500 5.812300 5.792400 5.806900 5.717100 5.797400 5.806300 5.713900 
700: 5.811600 5.795400 5.815300 5.840200 5.794800 5.670800 5.832000 5.796000 5.807200 5.840500 
800: 5.806700 5.668300 5.794500 5.668900 5.794800 5.797900 5.790800 5.799200 5.802900 5.814800 
900: 5.805800 5.666800 5.801000 5.824000 5.826200 5.784700 5.791400 5.800800 5.687700 5.803400 
1000: 5.810300 5.791400 5.791900 5.812000 5.802700 5.793500 5.792800 5.801000 5.672300 5.808700 
1100: 5.805900 5.667300 5.798700 5.809100 5.650600 5.813300 5.789700 5.802400 5.798700 5.820900 
1200: 5.807200 5.805900 5.830700 5.797000 5.824900 5.800800 5.793700 5.817100 5.805400 5.803200 
1300: 5.801400 5.803300 5.640000 5.793700 5.685100 5.671700 5.793800 5.791400 5.797700 5.804300 
1400: 5.802500 5.680600 5.795600 5.823100 5.819400 5.807600 5.798700 5.800100 5.799900 5.872600 
1500: 5.800700 5.819300 5.820600 5.659300 5.814600 5.664000 5.794400 5.793100 5.683600 5.803600 
1600: 5.806500 5.801700 5.814700 5.798000 5.701400 5.810900 5.671000 5.803800 5.805800 5.807500 
1700: 5.670100 5.723000 5.800000 5.805700 5.727200 5.802100 5.784700 5.802300 5.704700 5.798200 
1800: 5.675500 5.806700 5.705000 5.793300 5.813100 5.674300 5.689700 5.794300 5.790000 5.834200 
1900: 5.816000 5.799400 5.813000 5.796200 5.842700 5.789900 5.794700 5.825500 5.794700 5.832100 
2000: 5.794500 5.809900 5.809700 5.800700 5.801900 5.796300 5.808300 5.793200 5.802200 5.801600 
2100: 5.794100 5.814700 5.663200 5.796100 5.800900 5.794600 5.791800 5.801700 5.789200 5.799900 
2200: 5.667800 5.678100 5.804100 5.827600 5.668000 5.788700 5.801500 5.806400 5.798200 5.795000 
2300: 5.793500 5.803100 5.796200 5.798100 5.836300 5.801700 5.806800 5.798300 5.800600 5.807800 
2400: 5.792400 5.793300 5.812700 5.825400 5.814900 5.671700 5.835000 5.700700 5.796300 5.792800 
2514: 5.799400 5.816300 5.805000 5.830200 5.822800 5.800700 5.795300 5.643600 5.802700 5.824100 
