100: 1560.873400 253.291300 569.030500 229.276100 858.198300 191.312800 780.865000 539.411100 75.774000 387.239500 
200: 574.323500 299.468300 451.583600 286.360800 52.954500 138.402200 225.022200 141.080800 59.796800 206.328000 
300: 287.170000 32.676900 202.603500 50.262500 43.085300 30.644000 185.000400 39.355800 37.655800 210.414900 
400: 195.336500 60.091400 98.112800 35.438600 26.632500 42.690800 76.026800 27.490500 32.203700 30.506200 
500: 488.776000 27.491500 52.399000 67.599400 25.245400 65.737900 32.762000 25.862100 27.848000 28.625200 
600: 70.552700 31.274000 29.627600 28.847000 34.993100 52.142700 106.858500 33.714100 24.621700 34.640500 
700: 45.372500 33.268300 35.798900 28.987000 35.955800 23.685800 26.843700 82.224800 24.841300 25.560200 
800: 32.843200 66.495000 36.064800 22.187000 30.528400 25.913400 25.463800 25.365200 28.924200 25.329500 
900: 26.942600 28.668400 28.266900 23.801000 25.379400 30.713900 24.254500 34.150500 27.714500 28.379400 
1000: 27.417300 27.642700 26.260900 26.708100 27.129000 24.377400 21.537400 27.280800 31.362300 56.399200 
1100: 26.809500 24.693800 27.790100 24.712300 26.060800 24.184400 28.487600 30.874100 26.374400 31.433000 
1200: 23.095900 54.294600 42.564000 25.082100 28.395800 22.597400 20.278700 25.669800 23.636000 41.337700 
1300: 33.421600 32.997800 23.058000 27.125800 26.229100 21.162500 21.967900 26.179800 25.476100 52.436100 
1400: 20.568400 48.580200 23.307000 30.465200 42.088300 22.603800 38.368300 26.322100 22.090600 40.220900 
1500: 20.830000 52.648100 22.967900 25.068400 25.147600 26.827000 20.663600 26.772800 26.771800 33.648400 
1600: 19.985600 39.651800 23.150300 22.984500 23.958900 23.342000 31.003400 26.488400 23.939800 91.526100 
1700: 24.373000 59.876800 21.687100 28.250300 25.705700 23.709200 19.680700 29.296400 21.480500 41.890600 
1800: 22.364200 22.992700 27.578800 32.942300 23.014000 25.403100 20.957900 23.530000 19.966500 30.731900 
1900: 20.765400 30.985100 49.501900 25.153700 22.068700 24.307400 21.576100 23.686100 22.539000 35.291000 
2000: 22.066600 32.321500 40.802600 23.325600 21.858100 23.762900 25.029300 23.238600 19.766100 37.633100 
2100: 21.182500 24.274800 43.874000 26.083700 20.308700 24.313100 24.065900 24.234500 20.066800 76.226300 
2200: 21.630500 44.382700 21.169900 22.156600 21.506700 25.116800 24.927900 23.027400 20.734600 27.208200 
2300: 22.227100 23.268100 22.993500 30.455800 21.120900 24.889500 25.464400 26.537900 19.893100 30.440800 
2400: 20.865000 21.047500 20.590100 23.558700 25.704300 21.983900 85.774300 24.799100 22.296400 58.995400 
2514: 21.286900 25.083700 19.894000 23.775800 21.936500 20.653200 33.295900 26.314100 22.510800 28.031200 
