100: 217.199500 54.189800 42.169900 590.486100 516.708300 67.266700 969.660100 137.659900 68.218900 544.729600 
200: 74.244200 42.598300 76.526300 445.848200 187.931400 37.869500 424.093300 135.186100 84.362000 851.604700 
300: 125.635800 33.374300 35.001700 56.494900 45.067300 30.720400 112.030000 66.539400 57.077600 203.341400 
400: 228.397700 31.568100 39.424300 50.737300 34.226800 35.728400 120.689000 53.133000 33.213700 85.881200 
500: 511.311100 35.226000 161.548500 31.851000 31.813000 35.274600 37.972200 36.934300 32.170900 77.849100 
600: 37.649400 65.381600 42.858100 33.027500 29.794300 33.548000 43.247700 52.360900 31.994200 43.914800 
700: 47.116300 31.889300 62.964800 53.377900 32.812600 30.530200 41.272300 39.402800 33.510600 48.234200 
800: 89.048700 31.655200 120.628600 43.791700 31.072700 31.222300 31.158800 31.426400 30.891700 29.919800 
900: 27.600500 32.221000 54.439900 30.604300 30.649900 28.922500 37.845200 30.958600 29.064200 46.414100 
1000: 39.384900 31.071200 32.489200 30.951800 40.059200 29.669200 74.803200 29.057300 29.016000 38.996900 
1100: 43.472300 31.724600 34.253300 28.214700 28.413700 28.296300 35.302100 30.230600 35.974900 45.421500 
1200: 27.770500 28.728100 32.991500 28.305400 30.060100 27.837300 29.110500 31.973800 28.074800 724.887100 
1300: 28.244000 28.234900 31.539400 27.399300 28.523000 28.732400 29.447300 31.512500 28.319000 28.842900 
1400: 27.367200 28.619800 37.764000 29.013800 27.972900 33.052300 32.372700 31.552500 27.612300 28.640200 
1500: 26.940400 29.300500 35.045000 28.148000 28.281000 28.059200 29.887300 31.340500 27.932200 30.295300 
1600: 26.629600 28.733700 31.770000 28.805900 28.700800 27.997900 28.972400 30.777200 27.465000 28.528600 
1700: 27.697900 28.596300 33.952600 39.716300 29.689300 28.671300 45.384600 30.130800 31.873000 30.649600 
1800: 50.620100 27.839100 32.774900 35.593800 34.278600 28.499000 28.789400 28.689100 29.238200 28.883500 
1900: 36.443600 27.161100 32.121600 30.850000 29.560400 29.518000 28.740500 27.819900 28.495200 29.546600 
2000: 29.875800 27.251100 30.418600 27.658700 31.371200 29.187200 28.471700 27.892200 27.698200 32.810200 
2100: 27.736000 26.734900 39.375100 27.736700 27.718300 30.733300 34.702300 28.545200 28.124600 29.125600 
2200: 41.841100 27.647300 33.406100 27.375900 27.804500 27.847900 36.561500 31.120800 27.969600 28.538700 
2300: 33.792000 28.507600 32.504200 27.302000 27.268300 27.277400 28.437300 28.120100 31.491400 27.711900 
2400: 31.381300 27.697100 36.963200 27.946600 27.393600 27.957400 28.417200 27.527800 35.155900 29.020400 
2513: 34.460100 27.598900 35.852700 27.030300 27.525300 27.382900 26.754800 28.196300 80.511000 28.916800 
