100: 14.737700 7.361400 6.493800 24.299900 22.731200 8.201600 31.139400 11.732900 8.259500 23.339400 
200: 8.616500 6.526700 8.747900 21.115100 13.708800 6.153800 20.593500 11.627000 9.184900 29.182300 
300: 11.208700 5.777000 5.916200 7.516300 6.713200 5.542600 10.584400 8.157200 7.555000 14.259800 
400: 15.112800 5.618500 6.278900 7.123000 5.850400 5.977300 10.985900 7.289200 5.763100 9.267200 
500: 22.612200 5.935100 12.710200 5.643700 5.640300 5.939200 6.162200 6.077400 5.671900 8.823200 
600: 6.135900 8.085900 6.546600 5.747000 5.458400 5.792100 6.576300 7.236100 5.656300 6.626800 
700: 6.864100 5.647100 7.935000 7.306000 5.728200 5.525400 6.424400 6.277200 5.788800 6.945100 
800: 9.436600 5.626300 10.983100 6.617500 5.574300 5.587700 5.582000 5.605900 5.558000 5.469900 
900: 5.253600 5.676400 7.378300 5.532100 5.536200 5.378000 6.151800 5.564000 5.391100 6.812800 
1000: 6.275700 5.574200 5.699900 5.563400 6.329200 5.446900 8.648900 5.390500 5.386700 6.244700 
1100: 6.593400 5.632500 5.852600 5.311800 5.330500 5.319400 5.941600 5.498200 5.997900 6.739500 
1200: 5.269800 5.359900 5.743800 5.320300 5.482700 5.276100 5.395400 5.654500 5.298600 26.923700 
1300: 5.314500 5.313700 5.616000 5.234400 5.340700 5.360300 5.426500 5.613600 5.321600 5.370600 
1400: 5.231400 5.349700 6.145200 5.386400 5.288900 5.749100 5.689700 5.617200 5.254700 5.351700 
1500: 5.190400 5.413000 5.919900 5.305500 5.318000 5.297100 5.466900 5.598300 5.285100 5.504100 
1600: 5.160400 5.360400 5.636500 5.367100 5.357300 5.291300 5.382600 5.547700 5.240700 5.341200 
1700: 5.262900 5.347600 5.826900 6.302100 5.448800 5.354600 6.736800 5.489200 5.645600 5.536200 
1800: 7.114800 5.276300 5.724900 5.966100 5.854800 5.338400 5.365600 5.356200 5.407200 5.374300 
1900: 6.036900 5.211600 5.667600 5.554300 5.436900 5.433000 5.361000 5.274500 5.338100 5.435700 
2000: 5.465900 5.220300 5.515300 5.259200 5.601000 5.402500 5.335900 5.281300 5.262900 5.728000 
2100: 5.266500 5.170600 6.275000 5.266600 5.264800 5.543800 5.890900 5.342800 5.303300 5.396800 
2200: 6.468500 5.258100 5.779800 5.232200 5.273000 5.277100 6.046600 5.578600 5.288600 5.342200 
2300: 5.813100 5.339300 5.701200 5.225100 5.221900 5.222800 5.332700 5.302800 5.611700 5.264200 
2400: 5.601900 5.262800 6.079700 5.286500 5.233900 5.287500 5.330800 5.246700 5.929200 5.387100 
2513: 5.870300 5.253500 5.987700 5.199100 5.246500 5.232900 5.172500 5.310000 8.972800 5.377400 
